hedspi1 hedspi2016 0 0 1 0
hust hust123 1 0 2 99
soict vbvbvbv 1 1 3 0
hust2 ahb 1 0 4 10
Tung1 20082002 0 0 5 0
Tung858 123 0 0 6 0
tung9999 123 0 0 7 0
Tung999999 123 0 0 8 0
tung7777 123 1 1 9 0
tunglomdom 123 0 0 10 0
tung 111 1 0 11 0
Tung555 111 0 0 12 0
it4062 123456 0 0 13 0
Tung444 1111 0 0 14 0
tung123 111 1 0 15 0
tung145 111 1 0 16 0
tung20 2859927ade0fd3e150964ed1d1ad5cfb7bc4a057a4ab79f0f32fc70f0fbc748a 1 0 17 0
tung201 0ffe1abd1a08215353c233d6e009613e95eec4253832a761af28ff37ac5a150c 1 0 18 0
tung21 2859927ade0fd3e150964ed1d1ad5cfb7bc4a057a4ab79f0f32fc70f0fbc748a 1 0 19 0
tung22 2859927ade0fd3e150964ed1d1ad5cfb7bc4a057a4ab79f0f32fc70f0fbc748a 1 0 20 -1
tung24 2859927ade0fd3e150964ed1d1ad5cfb7bc4a057a4ab79f0f32fc70f0fbc748a 1 0 21 0
tung25 03ac674216f3e15c761ee1a5e255f067953623c8b388b4459e13f978d7c846f4 1 0 22 0
tung27 2859927ade0fd3e150964ed1d1ad5cfb7bc4a057a4ab79f0f32fc70f0fbc748a 1 0 23 0
tung28 2859927ade0fd3e150964ed1d1ad5cfb7bc4a057a4ab79f0f32fc70f0fbc748a 1 0 24 0
tung29 03ac674216f3e15c761ee1a5e255f067953623c8b388b4459e13f978d7c846f4 1 0 25 0